  -9.655617586711E-005  -3.086969205647E-001   5.150257825563E-004   3.441117046934E-004   9.344827339889E-001  -4.105641245321E-004   5.852459657986E-005   2.515244871334E-001   7.826265567250E-004   1.364470795125E-004  -4.787569335056E-001  -5.748042305779E-004  -2.417576725838E+004   7.287812445583E+004   3.740363689836E-023   1.327300153084E-004
  -1.038164278512E-004  -3.289440141645E-001   5.789233532699E-004   3.294241044470E-004   8.874138971331E-001  -4.097476235856E-004   3.919138951674E-005   3.303817513279E-001   8.918589273638E-004   1.472699109930E-004  -4.429410124198E-001  -4.418076655313E-004  -2.650075899062E+004   7.118584237079E+004   7.157218762187E-024   1.361167737562E-004
  -1.084747938042E-004  -3.412626655604E-001   6.416293809071E-004   3.144184883533E-004   8.398262983333E-001  -4.022345443007E-004   1.812054028388E-005   4.031869177033E-001   9.777202212551E-004   1.552472842914E-004  -3.945746625183E-001  -2.903132381728E-004  -2.825440307879E+004   6.921611272341E+004   2.082080107363E-023   1.392866213320E-004
  -1.105858528648E-004  -3.459383865845E-001   7.028714012028E-004   2.995066229738E-004   7.929188799913E-001  -3.888647376646E-004  -4.266746050236E-006   4.680484328468E-001   1.037141983834E-003   1.601248582572E-004  -3.347899682905E-001  -1.244258278067E-004  -2.940784361440E+004   6.707266353037E+004   1.089764652711E-023   1.422571728450E-004
  -1.103043502369E-004  -3.434232272687E-001   7.614603847579E-004   2.850518282522E-004   7.477938658619E-001  -3.697148622326E-004  -2.749779032702E-005   5.232463718474E-001   1.067854695866E-003   1.617021364156E-004  -2.649726793428E-001   5.122576000244E-005  -2.995030414285E+004   6.486003691420E+004  -1.403634710076E-023   1.450453944144E-004
  -1.078041505665E-004  -3.343365578669E-001   8.165618566443E-004   2.713813871137E-004   7.054560092898E-001  -3.453034017314E-004  -5.107574527853E-005   5.673470918621E-001   1.068852222663E-003   1.598659628450E-004  -1.867759831668E-001   2.314049971339E-004  -2.989233267807E+004   6.268416920449E+004  -2.291232187721E-023   1.476740686941E-004
  -1.033183738937E-004  -3.193934563354E-001   8.674552741221E-004   2.588077567077E-004   6.667721051684E-001  -3.163981502732E-004  -7.449488459350E-005   5.991439516018E-001   1.039496342089E-003   1.545726283041E-004  -1.020384124934E-001   4.114761363167E-004  -2.925646390374E+004   6.064579529688E+004   1.142637604943E-023   1.501593644726E-004
  -9.711431256061E-005  -2.994474909911E-001   9.136301106806E-004   2.475412228811E-004   6.324445315152E-001  -2.835208647542E-004  -9.724081517553E-005   6.177891237792E-001   9.802865161041E-004   1.458154813071E-004  -1.275080868408E-002   5.860664522826E-004  -2.808786793561E+004   5.883544306048E+004   2.620954075734E-024   1.525237635062E-004
  -8.948024928454E-005  -2.754002288552E-001   9.542852564582E-004   2.377982639447E-004   6.030460868718E-001  -2.478221706023E-004  -1.187992863607E-004   6.227205733258E-001   8.923977051655E-004   1.337433628885E-004   7.898562885654E-002   7.504870856659E-004  -2.644128551876E+004   5.733920619664E+004  -1.566824775461E-023   1.547836818203E-004
  -8.072859005076E-005  -2.482170778636E-001   9.894258188225E-004   2.297237990575E-004   5.789469129644E-001  -2.099266901092E-004  -1.386797087216E-004   6.137506300583E-001   7.780002947765E-004   1.185258665162E-004   1.710243755885E-001   8.999462689783E-004  -2.438687174516E+004   5.622420704996E+004   2.444396630622E-023   1.569594238638E-004
  -7.114596191412E-005  -2.188724930041E-001   1.018783432486E-003   2.233855417128E-004   5.603743512896E-001  -1.709189075432E-004  -1.564203791357E-004   5.910000796003E-001   6.396636610718E-004   1.004269378851E-004   2.612186147116E-001   1.030452631998E-003  -2.200281039121E+004   5.554818880262E+004   1.454701008234E-023   1.590658493501E-004
  -6.107768137282E-005  -1.883463132018E-001   1.042294057670E-003   2.188078322185E-004   5.473864113439E-001  -1.316478528356E-004  -1.716157846662E-004   5.549499059309E-001   4.811670310743E-004   7.978396332399E-005   3.474810458951E-001   1.138162878818E-003  -1.937727929744E+004   5.535266941966E+004  -7.732308234033E-024   1.611195721842E-004
  -5.081207523937E-005  -1.575605030791E-001   1.060287961133E-003   2.159991781637E-004   5.398775285664E-001  -9.308774170788E-005  -1.838841818760E-004   5.063842099032E-001   3.059825328016E-004   5.696108684876E-005   4.278523800881E-001   1.220283094950E-003  -1.659823625040E+004   5.566155695061E+004   1.666000262152E-023   1.631327131455E-004
  -4.062810825955E-005  -1.273888804363E-001   1.072918502769E-003   2.148891204132E-004   5.376000248645E-001  -5.610485945678E-005  -1.929630863871E-004   4.463779186963E-001   1.186596180159E-004   3.242668281316E-005   5.005284023779E-001   1.274385210358E-003  -1.375711422335E+004   5.648268975631E+004  -3.366813331618E-024   1.651163901712E-004
  -3.079238645723E-005  -9.863799273828E-002   1.080625664388E-003   2.153535164385E-004   5.401740964706E-001  -2.144966598269E-005  -1.986077912570E-004   3.762863621276E-001  -7.602133218273E-005   6.642726107741E-006   5.639110499248E-001   1.299006640939E-003  -1.094652340484E+004   5.780688967500E+004  -1.142162000096E-023   1.670824117943E-004
  -2.153721475988E-005  -7.198466212860E-002   1.084032645705E-003   2.172584920589E-004   5.471287835456E-001   1.016869689519E-005  -2.006642419352E-004   2.976464525866E-001  -2.734855735350E-004  -1.987731049009E-005   6.166599037740E-001   1.293304496884E-003  -8.247899429610E+003   5.961345192586E+004  -1.849129828829E-023   1.690358103088E-004
  -1.305725502244E-005  -4.802156359612E-002   1.083840395391E-003   2.204319064912E-004   5.578853938681E-001   3.820733760545E-005  -1.990626702311E-004   2.121939868347E-001  -4.689545677427E-004  -4.662222069735E-005   6.576930417661E-001   1.257330610491E-003  -5.741436688899E+003   6.186344464655E+004  -6.056160547946E-025   1.709831949237E-004
  -5.505246316345E-006  -2.720022699695E-002   1.080618980505E-003   2.246756825213E-004   5.718163846816E-001   6.231722117515E-005  -1.938259213558E-004   1.217563421645E-001  -6.573347436625E-004  -7.305877248067E-005   6.862417176826E-001   1.192142231721E-003  -3.493527924198E+003   6.450922835133E+004   7.103432852943E-024   1.729281671113E-004
   1.006521142957E-006  -9.869692319062E-003   1.075214107042E-003   2.297915345305E-004   5.882393755393E-001   8.177953571683E-005  -1.850308021281E-004   2.825500880918E-002  -8.350029389975E-004  -9.868290715430E-005   7.018153920029E-001   1.098867425219E-003  -1.564519198885E+003   6.749019675793E+004   8.908289444465E-024   1.748731412855E-004
   6.392399399881E-006   3.761588056358E-003   1.068498046569E-003   2.355610201942E-004   6.064811696801E-001   9.676402574612E-005  -1.728336400305E-004  -6.639855589743E-002  -9.973936485215E-004  -1.230134875134E-004   7.042325445437E-001   9.800521340181E-004   1.050375741482E+000   7.074455095776E+004  -3.011502644142E-023   1.768161215864E-004
   1.060436982463E-005   1.359450240600E-002   1.061159398592E-003   2.417592982772E-004   6.258333982359E-001   1.071939858037E-004  -1.574712318100E-004  -1.602942874316E-001  -1.140897240945E-003  -1.455885881814E-004   6.936051206669E-001   8.382616498841E-004   1.168982023577E+003   7.419666133863E+004  -2.001793867806E-023   1.787580494839E-004
   1.365308361916E-005   1.964760676605E-002   1.054063523137E-003   2.481988112904E-004   6.456430820886E-001   1.130778733003E-004  -1.392239889815E-004  -2.516249223406E-001  -1.262567740671E-003  -1.660041336522E-004   6.703100639558E-001   6.767082803681E-004   1.919307868422E+003   7.777605414262E+004  -7.345010681444E-024   1.806938840904E-004
   1.553388197476E-005   2.204289265334E-002   1.047844243103E-003   2.546482898669E-004   6.652708130990E-001   1.146228502278E-004  -1.184195419879E-004  -3.386851314296E-001  -1.359973702854E-003  -1.839061933737E-004   6.349965902084E-001   4.991546344304E-004   2.245139181323E+003   8.140603561514E+004  -1.657431473912E-024   1.826228812778E-004
   1.635673541124E-005   2.099408166907E-002   1.043303227931E-003   2.609240462367E-004   6.841359691293E-001   1.120223643853E-004  -9.546149821164E-005  -4.199133845701E-001  -1.430961606085E-003  -1.990077742298E-004   5.885274698458E-001   3.093226440274E-004   2.152215190849E+003   8.501321753125E+004  -1.428059292734E-023   1.845403623951E-004
   1.614795111008E-005   1.678224985466E-002   1.040914961855E-003   2.669113425532E-004   7.017282281854E-001   1.059112622921E-004  -7.072286288150E-005  -4.939343142262E-001  -1.475000706188E-003  -2.110336082948E-004   5.319384269283E-001   1.112565676709E-004   1.655301773147E+003   8.852970417329E+004   3.087467864243E-023   1.864415985820E-004
   1.503936877906E-005   9.761505918110E-003   1.041331031263E-003   2.724075825811E-004   7.175918064388E-001   9.655454156733E-005  -4.466001304946E-005  -5.595502831275E-001  -1.490716861023E-003  -2.198330064877E-004   4.664473342384E-001  -9.098976996595E-005   7.819259194863E+002   9.188881523998E+004  -1.011846196498E-023   1.883215801481E-004
   1.314192067501E-005   3.287910088428E-004   1.044948771193E-003   2.773075349276E-004   7.313545707022E-001   8.457313802585E-005  -1.770994308501E-005  -6.157780698953E-001  -1.478372166575E-003  -2.252834401041E-004   3.933755266044E-001  -2.933471407914E-004  -4.328584976954E+002   9.503237676697E+004   1.374736240463E-023   1.901751852773E-004
   1.059381723518E-005  -1.106966083611E-002   1.051992026228E-003   2.815230074782E-004   7.427264908109E-001   7.051578671570E-005   9.694854985165E-006  -6.618643825269E-001  -1.438877046326E-003  -2.273332547034E-004   3.141430913294E-001  -4.920898160515E-004  -1.942619082571E+003   9.791082769488E+004  -5.018656126360E-023   1.919985291924E-004
   7.516728883034E-006  -2.399093171408E-002   1.063085165905E-003   2.849817919655E-004   7.514926844219E-001   5.501978616145E-005   3.709379208079E-005  -6.972515347474E-001  -1.372616907731E-003  -2.259957722993E-004   2.302080449064E-001  -6.832889726827E-004  -3.701256563594E+003   1.004821388948E+005   1.921178680238E-023   1.937867442915E-004
   4.065798360479E-006  -3.795288372202E-002   1.077991577838E-003   2.876120474951E-004   7.575061083948E-001   3.864115085529E-005   6.408655582861E-005  -7.216085669488E-001  -1.281730062242E-003  -2.213010700505E-004   1.430615935031E-001  -8.638058062449E-004  -5.650098648316E+003   1.027106798267E+005  -6.452482254769E-025   1.955374969455E-004
   3.688952091542E-007  -5.250088800368E-002   1.096898789682E-003   2.894019033241E-004   7.607021449744E-001   2.219895588075E-005   9.025872266293E-005  -7.347917238337E-001  -1.168029448111E-003  -2.134104652583E-004   5.417293784163E-002  -1.030274289472E-003  -7.734036227666E+003   1.045722445933E+005  -1.130896396713E-023   1.972456821158E-004
  -3.418061584962E-006  -6.717579865290E-002   1.119884897782E-003   2.903487387194E-004   7.610877399005E-001   6.039836293418E-006   1.152314855475E-004  -7.368664355833E-001  -1.033636474549E-003  -2.024533693416E-004  -3.502168744267E-002  -1.180286976366E-003  -9.891735715475E+003   1.060524824702E+005  -5.943750200055E-024   1.989080189495E-004
  -7.170677236330E-006  -8.153914553351E-002   1.146720488609E-003   2.904519450219E-004   7.587279498931E-001  -9.103784981065E-006   1.386640423074E-004  -7.280767929063E-001  -8.813658634492E-004  -1.886398128550E-004  -1.231463726811E-001  -1.311225557656E-003  -1.206133268199E+004   1.071445519047E+005  -2.462040373588E-023   2.005240426098E-004
  -1.076450839153E-005  -9.519072678356E-002   1.177125871153E-003   2.897511556585E-004   7.537434607243E-001  -2.262714141801E-005   1.602475708530E-004  -7.088205327655E-001  -7.140561522992E-004  -1.722101561163E-004  -2.088987786844E-001  -1.421630456280E-003  -1.418461435001E+004   1.078498199597E+005  -2.441015748487E-023   2.020929518033E-004
  -1.407705959516E-005  -1.077598183304E-001   1.210981942773E-003   2.882963525036E-004   7.463151310414E-001  -3.415576893877E-005   1.797072257487E-004  -6.796394899326E-001  -5.345885832479E-004  -1.534308405611E-004  -2.910944575760E-001  -1.509632447229E-003  -1.620405162771E+004   1.081806320690E+005  -6.250733839551E-024   2.036131015660E-004
  -1.701177175407E-005  -1.189069280190E-001   1.248119581165E-003   2.861544807603E-004   7.366590961715E-001  -4.296487848909E-005   1.968139946556E-004  -6.412042198182E-001  -3.457682304550E-004  -1.325918438229E-004  -3.686252683732E-001  -1.574195231013E-003  -1.806286496651E+004   1.081546940709E+005  -2.031192197479E-023   2.050845455137E-004
  -1.948534555029E-005  -1.283467731104E-001   1.287631664078E-003   2.833665431964E-004   7.250267275885E-001  -4.885266647217E-005   2.113600725880E-004  -5.942833664184E-001  -1.512543256905E-004  -1.100206757017E-004  -4.405258186852E-001  -1.614838015895E-003  -1.971152702035E+004   1.077963926291E+005   1.997840604148E-024   2.065080101555E-004
  -2.140984249071E-005  -1.358251441642E-001   1.329754339114E-003   2.800441424478E-004   7.117078937788E-001  -5.122354096158E-005   2.232111153178E-004  -5.397394391477E-001   4.630085486986E-005  -8.602438056492E-005  -5.059498313540E-001  -1.630773987233E-003  -2.110104573511E+004   1.071391502690E+005  -2.893336751124E-023   2.078847808353E-004
  -2.271003922753E-005  -1.411448834690E-001   1.373644816188E-003   2.762909057332E-004   6.970065921942E-001  -5.011301240961E-005   2.322413778251E-004  -4.785033426601E-001   2.440842157342E-004  -6.091754381740E-005  -5.641826717365E-001  -1.622979340718E-003  -2.219084344032E+004   1.062195166393E+005   2.974659804933E-023   2.092195604795E-004
  -2.334266704152E-005  -1.441568119685E-001   1.418878668976E-003   2.721466346319E-004   6.812427506369E-001  -4.523660989285E-005   2.384364480245E-004  -4.115419612053E-001   4.388276837963E-004  -3.505293814747E-005  -6.146333660674E-001  -1.591527531151E-003  -2.294648687782E+004   1.050788405067E+005  -4.674261740721E-023   2.105138147723E-004
  -2.328253808733E-005  -1.447461050435E-001   1.464742722980E-003   2.677313942444E-004   6.647526805469E-001  -3.629425607871E-005   2.416918136442E-004  -3.398612727832E-001   6.278401007869E-004  -8.772116993666E-006  -6.568451573013E-001  -1.537088437332E-003  -2.333594356383E+004   1.037645215851E+005  -2.183611545131E-023   2.117705554753E-004
  -2.250599961601E-005  -1.428565832366E-001   1.511328178870E-003   2.631973008543E-004   6.478642880969E-001  -2.315870817864E-005   2.420534145416E-004  -2.644827337851E-001   8.087988331628E-004   1.764696438958E-005  -6.904806729332E-001  -1.460927275454E-003  -2.333761959450E+004   1.023234069001E+005   1.942094722139E-023   2.129922541351E-004
  -2.098334203816E-005  -1.384667135671E-001   1.557393504904E-003   2.585623438652E-004   6.309107398603E-001  -5.886214548866E-006   2.395485553793E-004  -1.864285227546E-001   9.789839868935E-004   4.383553171554E-005  -7.153399776560E-001  -1.364264243857E-003  -2.293362070029E+004   1.008067979548E+005  -7.722912862808E-024   2.141870103283E-004
  -1.875696586705E-005  -1.316040839517E-001   1.602941324496E-003   2.539729635132E-004   6.142146524806E-001   1.557635197482E-005   2.342491163110E-004  -1.067094469320E-001   1.136508484640E-003   6.953279842514E-005  -7.313220220061E-001  -1.248973525763E-003  -2.211501449726E+004   9.926632087838E+004   1.183446912689E-023   2.153576494577E-004
  -1.577145014248E-005  -1.223263551068E-001   1.647186733745E-003   2.494775766931E-004   5.980925838509E-001   4.081850473761E-005   2.262565876012E-004  -2.631773089245E-002   1.279691084958E-003   9.443415066628E-005  -7.384443344435E-001  -1.116664137218E-003  -2.087654534921E+004   9.775597730435E+004  -1.736951897743E-023   2.165096575373E-004
  -1.212669211968E-005  -1.107364788952E-001   1.689885450081E-003   2.452010128776E-004   5.828355233708E-001   7.051557629195E-005   2.156935084862E-004   5.380000137269E-002   1.405950550320E-003   1.182689119712E-004  -7.368265492954E-001  -9.691417704412E-004  -1.922238044160E+004   9.632641554719E+004  -3.887776766277E-024   2.176487482483E-004
  -7.812025513179E-006  -9.695805716956E-002   1.730323266984E-003   2.412105570832E-004   5.687173510471E-001   1.031863029447E-004   2.027206697335E-004   1.327321184663E-001   1.515407340495E-003   1.408057600606E-004  -7.266757545840E-001  -8.085061480569E-004  -1.715887299464E+004   9.502793594029E+004  -3.462546679737E-023   2.187792362045E-004
  -2.890061135266E-006  -8.115907045944E-002   1.768669876661E-003   2.375973223192E-004   5.559929253676E-001   1.397434141408E-004   1.874926979273E-004   2.096122552899E-001   1.605441053717E-003   1.617933659456E-004  -7.082886506775E-001  -6.366032690929E-004  -1.470329329174E+004   9.391030368417E+004   1.723433594404E-023   2.199079225079E-004
   2.584582326212E-006  -6.352772320860E-002   1.803639992342E-003   2.344001000819E-004   5.448914153472E-001   1.793483934962E-004   1.702236104612E-004   2.836366013894E-001   1.675722155447E-003   1.810503484071E-004  -6.820452735350E-001  -4.564186887782E-004  -1.187671600225E+004   9.302068863763E+004   8.056937660385E-024   2.210415600032E-004
   8.574902241083E-006  -4.426487784319E-002   1.835455576495E-003   2.317000347025E-004   5.356105475696E-001   2.215495761978E-004   1.510952844500E-004   3.540554457366E-001   1.726002636126E-003   1.983839330825E-004  -6.483852680029E-001  -2.695867971599E-004  -8.702191764034E+003   9.240179113198E+004  -3.192138133464E-023   2.221847501823E-004
   1.499091848461E-005  -2.359876018804E-002   1.863528566968E-003   2.295375305017E-004   5.283259222984E-001   2.663101810145E-004   1.303362067705E-004   4.201870571517E-001   1.755493444462E-003   2.136402259069E-004  -6.078070735822E-001  -7.883863489338E-005  -5.210558323482E+003   9.209502544391E+004   2.385518268128E-023   2.233431081635E-004
   2.180022888221E-005  -1.771864464790E-003   1.887952045852E-003   2.279621546977E-004   5.231831317890E-001   3.130960428508E-004   1.081685494139E-004   4.814142765786E-001   1.764034009865E-003   2.266807229647E-004  -5.608713974089E-001   1.137209318108E-004  -1.436813746283E+003   9.213780208580E+004   4.908184470968E-023   2.245227136852E-004
   2.890332307676E-005   2.096471218025E-002   1.908471855235E-003   2.270082779084E-004   5.202862226809E-001   3.615626984783E-004   8.483546267000E-005   5.371947037694E-001   1.751457732675E-003   2.373808706530E-004  -5.081713941271E-001   3.066605140092E-004   2.581097014015E+003   9.255920363282E+004  -8.157257564101E-024   2.257292323086E-004
   3.624587252906E-005   4.435103745820E-002   1.924614341187E-003   2.266958246224E-004   5.197239522588E-001   4.112357970586E-004   6.056139143103E-005   5.870478219866E-001   1.718586212561E-003   2.456758839112E-004  -4.503465388116E-001   4.967496563691E-004   6.801512674159E+003   9.338902718118E+004   9.246421697104E-024   2.269690349100E-004
   4.371612164075E-005   6.812163502871E-002   1.936434387138E-003   2.270449954659E-004   5.215432950807E-001   4.613135796488E-004   3.560304182766E-005   6.305662293650E-001   1.666043256276E-003   2.514902343801E-004  -3.880607531031E-001   6.831935487619E-004   1.117952273327E+004   9.464811049173E+004  -8.516254892399E-024   2.282461654287E-004
   5.129161611129E-005   9.201967513598E-002   1.944013174862E-003   2.280629826192E-004   5.257686396570E-001   5.119151019557E-004   1.023028749819E-005   6.674159136470E-001   1.593454233894E-003   2.548157562940E-004  -3.219950850299E-001   8.616278338075E-004   1.567150772871E+004   9.635479598510E+004  -3.069503112574E-024   2.295654724717E-004
   5.889154316704E-005   1.157816786659E-001   1.947035664596E-003   2.297503393532E-004   5.323966764414E-001   5.622222952686E-004  -1.536091266727E-005   6.973329579341E-001   1.502789422564E-003   2.555994308514E-004  -2.528507682206E-001   1.032181235103E-003   2.022903055630E+004   9.852275562302E+004  -3.725540506344E-023   2.309320839203E-004
   6.638632356733E-005   1.391483926460E-001   1.945848410516E-003   2.320954680415E-004   5.413897148414E-001   6.118776956996E-004  -4.088193742558E-005   7.201186178666E-001   1.394298268198E-003   2.538509181377E-004  -1.813386394225E-001   1.192922225333E-003   2.480221436429E+004   1.011580594216E+005   1.303213752771E-023   2.323507158772E-004
   7.378377523403E-005   1.618766650381E-001   1.940188056977E-003   2.350796104488E-004   5.526818195281E-001   6.602141392257E-004  -6.612732495293E-005   7.356442071509E-001   1.270260717880E-003   2.496181958821E-004  -1.081727691222E-001   1.341540022425E-003   2.934374362138E+004   1.042608338222E+005  -2.575060987723E-023   2.338249949025E-004
   8.098222393332E-005   1.837312651770E-001   1.930476891302E-003   2.387089655906E-004   5.661939746408E-001   7.071558720580E-004  -9.085169735785E-005   7.438472863996E-001   1.131159509585E-003   2.429474890342E-004  -3.406228674988E-002   1.476911813146E-003   3.380549091888E+004   1.078305211789E+005   1.472717477669E-023   2.353587975758E-004
   8.792626517039E-005   2.044848961203E-001   1.916951490014E-003   2.429250663373E-004   5.818076153689E-001   7.522581044574E-004  -1.148124612157E-004   7.447247471059E-001   9.778721092100E-004   2.338889500940E-004   4.028627863021E-002   1.596987640621E-003   3.813807293718E+004   1.118553189516E+005   1.536373389002E-023   2.369548609283E-004
   9.455148390690E-005   2.239311326923E-001   1.899558135591E-003   2.476938896560E-004   5.993997575231E-001   7.946024725411E-004  -1.378067307887E-004   7.383468100167E-001   8.128204424589E-004   2.225401325906E-004   1.141874959892E-001   1.701583332886E-003   4.229558732986E+004   1.163249666760E+005  -9.805035242297E-024   2.386176858515E-004
   1.007799746688E-004   2.418827846336E-001   1.878311424433E-003   2.529791463400E-004   6.188176992995E-001   8.346740609694E-004  -1.596531203476E-004   7.248294901618E-001   6.387932540634E-004   2.090179942452E-004   1.869584030503E-001   1.788874048302E-003   4.623477209932E+004   1.212205426057E+005   3.324500031321E-023   2.403476585806E-004
   1.066488425235E-004   2.581611439337E-001   1.854286515844E-003   2.587473998768E-004   6.398855962843E-001   8.712320581398E-004  -1.801259621884E-004   7.043553271530E-001   4.549591619392E-004   1.933907360897E-004   2.579469413687E-001   1.859014876173E-003   4.991066705029E+004   1.265162522442E+005  -1.896099674152E-024   2.421489263560E-004
   1.119935815224E-004   2.726184863005E-001   1.827176601426E-003   2.649055787047E-004   6.624290808463E-001   9.048134542187E-004  -1.990210250373E-004   6.771576651296E-001   2.651686287986E-004   1.759099127474E-004   3.265252681542E-001   1.909234751499E-003   5.328534296256E+004   1.321885997742E+005   3.386260388275E-023   2.440216609017E-004
   1.169056441277E-004   2.851185920645E-001   1.797903447019E-003   2.714923246322E-004   6.862448500412E-001   9.343045375118E-004  -2.162054003019E-004   6.435227946860E-001   6.994550825204E-005   1.566123330215E-004   3.920909107387E-001   1.940862469854E-003   5.632017077416E+004   1.382037823041E+005  -3.444780813370E-023   2.459689408926E-004
   1.212748726305E-004   2.955566559700E-001   1.766177586129E-003   2.783414164393E-004   7.111286359438E-001   9.600131950752E-004  -2.315182230873E-004   6.037860194383E-001  -1.275204405336E-004   1.357281703887E-004   4.540721945675E-001   1.952924222910E-003   5.898378742793E+004   1.445282029048E+005   3.060140230847E-023   2.479903670930E-004
   1.251241148370E-004   3.038421730115E-001   1.732698635277E-003   2.854711746503E-004   7.368620544717E-001   9.815970466948E-004  -2.448071914514E-004   5.583268355803E-001  -3.265823364183E-004   1.134314943705E-004   5.119394941299E-001   1.945116896056E-003   6.124528903266E+004   1.511226672003E+005   3.018953679579E-023   2.500885447486E-004
   1.283753594650E-004   3.099140456095E-001   1.698054748948E-003   2.928032768373E-004   7.632294414454E-001   9.989986494520E-004  -2.559443946024E-004   5.075697576161E-001  -5.247066419933E-004   8.989102903667E-005   5.651950003919E-001   1.917368319506E-003   6.308050426197E+004   1.579486877542E+005  -5.360334379397E-024   2.522611339105E-004
   1.310438264938E-004   3.137263914111E-001   1.662340147441E-003   3.002685701930E-004   7.899985438494E-001   1.011763775939E-003  -2.648482809839E-004   4.519721215281E-001  -7.198604757452E-004   6.533187591000E-005   6.133805761039E-001   1.870224460088E-003   6.446632952658E+004   1.649600007460E+005  -5.052687785987E-024   2.545096735492E-004
   1.331539250038E-004   3.152650101208E-001   1.625989096223E-003   3.077898209733E-004   8.169489065697E-001   1.020652128273E-003  -2.714253933806E-004   3.920309640228E-001  -9.095687185873E-004   3.995352000374E-005   6.560911723327E-001   1.803744363465E-003   6.538772529317E+004   1.721137992110E+005  -3.549602396868E-023   2.568337041644E-004
   1.346855911270E-004   3.145312624091E-001   1.590012397834E-003   3.153645385210E-004   8.438562063365E-001   1.024207543598E-003  -2.755704476011E-004   3.282771774261E-001  -1.094138224071E-003   1.397385562503E-005   6.929576296735E-001   1.717918394849E-003   6.583131698283E+004   1.793637955708E+005   5.471115900298E-023   2.592319598345E-004
   1.356603716194E-004   3.115550454255E-001   1.554118905736E-003   3.228891307588E-004   8.704918421277E-001   1.023886406905E-003  -2.772682611112E-004   2.612701896948E-001  -1.269623758558E-003  -1.238461432315E-005   7.236618234481E-001   1.614496904266E-003   6.579110967069E+004   1.866594854503E+005  -2.657161047777E-024   2.617038180430E-004
   1.360788587975E-004   3.063864346169E-001   1.519499106725E-003   3.303119365655E-004   8.966432490993E-001   1.018822021309E-003  -2.764780207834E-004   1.915843834842E-001  -1.435178128067E-003  -3.888403076039E-005   7.479392168507E-001   1.492822115910E-003   6.526535605678E+004   1.939543724773E+005   5.870993886919E-023   2.642471358910E-004
   1.359500815802E-004   2.990927801046E-001   1.486068049128E-003   3.376091491840E-004   9.221017645215E-001   1.009302456942E-003  -2.731746080171E-004   1.198249545289E-001  -1.589350758601E-003  -6.531021114539E-005   7.655744474854E-001   1.354953221938E-003   6.425561191235E+004   2.012004967561E+005   1.295184715383E-023   2.668607335695E-004
   1.352981793341E-004   2.897657505254E-001   1.454255409672E-003   3.446937689886E-004   9.466640340871E-001   9.959990904354E-004  -2.673913453600E-004   4.660602105829E-002  -1.729616413029E-003  -9.143017181686E-005   7.764066937568E-001   1.202051005501E-003   6.277017515850E+004   2.083485521321E+005   2.831661856600E-023   2.695425577824E-004
   1.341727865062E-004   2.785118498851E-001   1.424214107938E-003   3.515160554974E-004   9.701452357063E-001   9.787014407863E-004  -2.591489268368E-004  -2.744005147936E-002  -1.855534194951E-003  -1.170297189657E-004   7.803282747019E-001   1.036139423701E-003   6.082042241811E+004   2.153534504611E+005  -6.898639459247E-023   2.722906206148E-004
   1.326239403940E-004   2.654609910539E-001   1.397101560443E-003   3.580606024479E-004   9.923683899138E-001   9.573555979421E-004  -2.484861798040E-004  -1.016806229733E-001  -1.965519071795E-003  -1.418379475308E-004   7.772862626836E-001   8.561903324246E-004   5.842504069357E+004   2.221693089123E+005  -6.490130138702E-024   2.751015910283E-004
   1.306350320147E-004   2.507532787254E-001   1.373092821517E-003   3.642588408565E-004   1.013169167960E+000   9.328931222052E-004  -2.355057971400E-004  -1.754767455586E-001  -2.056964802017E-003  -1.656582398091E-004   7.672885343887E-001   6.654863690575E-004   5.560462028652E+004   2.287513235289E+005   2.742530602707E-023   2.779737727338E-004
   1.282805574653E-004   2.345486949255E-001   1.351629444545E-003   3.701081072533E-004   1.032404237674E+000   9.050010697042E-004  -2.202376941602E-004  -2.481919431734E-001  -2.131785281719E-003  -1.883043630455E-004   7.503898849142E-001   4.662140100355E-004   5.238651363463E+004   2.350593619332E+005  -1.671529140480E-023   2.809033391262E-004
   1.255964998074E-004   2.170165248206E-001   1.333753685024E-003   3.755312647605E-004   1.049946069530E+000   8.747088000503E-004  -2.028559050984E-004  -3.191973773464E-001  -2.186181260984E-003  -2.095353057321E-004   7.267155089646E-001   2.597844773680E-004   4.880057311998E+004   2.410554968556E+005   6.190794108902E-024   2.838880491198E-004
   1.226349609037E-004   1.983380932464E-001   1.319964210659E-003   3.805557537229E-004   1.065682689036E+000   8.414152388908E-004  -1.834540452508E-004  -3.878738694309E-001  -2.220944323767E-003  -2.291315501623E-004   6.964300811441E-001   4.598463715211E-005   4.488090917971E+004   2.467037549106E+005  -1.419209402766E-023   2.869239374876E-004
   1.194407673989E-004   1.787040850251E-001   1.310229923038E-003   3.851067143951E-004   1.079521210536E+000   8.059734617654E-004  -1.621989385863E-004  -4.536212794696E-001  -2.234825906399E-003  -2.469159520723E-004   6.597636979221E-001  -1.717854876948E-004   4.066518626308E+004   2.519716740591E+005  -6.187423763776E-023   2.900080901012E-004
   1.160712398246E-004   1.583112703837E-001   1.304434917207E-003   3.892310403530E-004   1.091399091768E+000   7.691029620002E-004  -1.392249126246E-004  -5.158524295449E-001  -2.227908682516E-003  -2.627377072297E-004   6.169990634634E-001  -3.907950850406E-004   3.619365852866E+004   2.568356281461E+005  -3.655416799338E-023   2.931373088842E-004
   1.125433834092E-004   1.373686809526E-001   1.303060893623E-003   3.928297293736E-004   1.101256041507E+000   7.312603727553E-004  -1.147483244807E-004  -5.740166325080E-001  -2.199335784536E-003  -2.764482887075E-004   5.684641077076E-001  -6.090730580503E-004   3.151261455212E+004   2.612676707019E+005   3.257208277308E-023   2.963065109353E-004
   1.089596937908E-004   1.160762333999E-001   1.306054169724E-003   3.959841597451E-004   1.109068604649E+000   6.919603494399E-004  -8.894572523329E-005  -6.275869166956E-001  -2.149809122304E-003  -2.878258972760E-004   5.145460247417E-001  -8.268458162344E-004   2.666485459081E+004   2.652518744825E+005   1.077955707810E-023   2.995136924236E-004
   1.053530592514E-004   9.464882325699E-002   1.313614776050E-003   3.986568115782E-004   1.114826624138E+000   6.525435662673E-004  -6.203796732008E-005  -6.760725112835E-001  -2.079117096695E-003  -2.968362909619E-004   4.556731015739E-001  -1.039412297208E-003   2.170161979858E+004   2.687734128300E+005   1.249808136298E-023   3.027543909214E-004
   1.017441719327E-004   7.328763775150E-002   1.325675730605E-003   4.007793471603E-004   1.118544151344E+000   6.132362346462E-004  -3.424909001079E-005  -7.190203840786E-001  -1.987429448472E-003  -3.033125649138E-004   3.923215042845E-001  -1.246043796611E-003   1.666943807671E+004   2.718239314237E+005   3.176207321080E-023   3.060247932795E-004
   9.824325937121E-005   5.220065268263E-002   1.342002529191E-003   4.025515514862E-004   1.120253958282E+000   5.744033456721E-004  -5.771012882690E-006  -7.560192843963E-001  -1.875840907782E-003  -3.071910900955E-004   3.249998913112E-001  -1.444211053406E-003   1.162045253817E+004   2.743991657167E+005   3.162251718690E-023   3.093204616590E-004
   9.481803623344E-005   3.158041908026E-002   1.362810625622E-003   4.037808264633E-004   1.120017802066E+000   5.365787648125E-004   2.308654878020E-005  -7.867078737527E-001  -1.744498035090E-003  -3.083925346955E-004   2.542731357780E-001  -1.632512691026E-003   6.602169891608E+003   2.765042454136E+005   7.036658313074E-023   3.126389892111E-004
   9.158305588209E-005   1.162411707020E-002   1.387817498588E-003   4.046248381692E-004   1.117898665864E+000   5.002575043064E-004   5.210772000676E-005  -8.107788059013E-001  -1.594455420022E-003  -3.068942454590E-004   1.807216626544E-001  -1.808431358831E-003   1.667667416918E+003   2.781403864081E+005   1.125131219039E-023   3.159762918247E-004
   8.854234643565E-005  -7.485921051846E-003   1.417047498083E-003   4.050677213130E-004   1.114004945505E+000   4.656198401798E-004   8.104322663156E-005  -8.279627737348E-001  -1.426878084134E-003  -3.026675939963E-004   1.049645836298E-001  -1.970712441984E-003  -3.133409406214E+003   2.793271509835E+005  -2.017700263734E-023   3.193267123417E-004
   8.576572512811E-005  -2.558495475470E-002   1.450019526017E-003   4.050880585663E-004   1.108441524087E+000   4.334035806772E-004   1.096035733054E-004  -8.380648830199E-001  -1.243122144615E-003  -2.956713012530E-004   2.764126048178E-002  -2.117022968741E-003  -7.756031443338E+003   2.800786286992E+005   5.152651819265E-024   3.226880072348E-004
   8.325633559211E-005  -4.251704140602E-002   1.486458912495E-003   4.047909839140E-004   1.101336835736E+000   4.038194463322E-004   1.375605688057E-004  -8.409488527660E-001  -1.044858918578E-003  -2.859868302483E-004  -5.057629076062E-002  -2.246144822315E-003  -1.215498696899E+004   2.804173134366E+005  -4.857223273585E-023   3.260586954453E-004
   8.106729952152E-005  -5.813165547003E-002   1.526425240577E-003   4.041853170732E-004   1.092840377612E+000   3.769942497960E-004   1.646506422982E-004  -8.365230514755E-001  -8.329855772931E-004  -2.736463753800E-004  -1.290291125788E-001  -2.356817622356E-003  -1.628270449645E+004   2.803734785583E+005   3.833391743642E-023   3.294312468512E-004
   7.921071533771E-005  -7.231191358987E-002   1.569058293801E-003   4.032834737103E-004   1.083107455778E+000   3.537960213284E-004   1.906153099898E-004  -8.247764080592E-001  -6.104590489213E-004  -2.587529614776E-004  -2.070266655557E-001  -2.447125199313E-003  -2.010348671371E+004   2.799780249284E+005   2.933876397027E-024   3.328047073925E-004
   7.775382698121E-005  -8.494410968864E-002   1.614214289509E-003   4.021995418470E-004   1.072310373155E+000   3.339131291057E-004   2.152187153548E-004  -8.057531239840E-001  -3.785140801800E-004  -2.413794843450E-004  -2.838879424697E-001  -2.516384931974E-003  -2.357765184163E+004   2.792686887436E+005  -6.068982165936E-024   3.361750881718E-004
   7.664277302130E-005  -9.594828782594E-002   1.661874456286E-003   4.009110508421E-004   1.060634185069E+000   3.181742133907E-004   2.382152136260E-004  -7.795635823034E-001  -1.387144768358E-004  -2.216658364794E-004  -3.589239020387E-001  -2.563081951030E-003  -2.667719989587E+004   2.782886652008E+005  -4.254414494023E-023   3.395390019620E-004
   7.594510995617E-005  -1.052474457551E-001   1.710738883649E-003   3.994448030098E-004   1.048258677703E+000   3.062638221084E-004   2.593734894761E-004  -7.463853084886E-001   1.056571368538E-004  -1.997694116391E-004  -4.314738263103E-001  -2.587179554943E-003  -2.936968608577E+004   2.770776557367E+005  -1.596121917582E-023   3.428941627142E-004
   7.564406586216E-005  -1.128042138280E-001   1.761404070114E-003   3.979113893227E-004   1.035387540317E+000   2.980270910884E-004   2.784686920211E-004  -7.064556497715E-001   3.540424992996E-004  -1.758250563570E-004  -5.008737510045E-001  -2.588344654869E-003  -3.163739834884E+004   2.756879944018E+005  -7.289852361262E-023   3.462369826540E-004
   7.577361958788E-005  -1.185919303572E-001   1.812745153876E-003   3.962887430940E-004   1.022210199996E+000   2.945334901123E-004   2.953559813348E-004  -6.600806206571E-001   6.029064281391E-004  -1.500637693927E-004  -5.664962288577E-001  -2.564910001106E-003  -3.346229848368E+004   2.741650911475E+005   8.085490822005E-023   3.495663044163E-004
   7.628399948211E-005  -1.226027313363E-001   1.864152634943E-003   3.946823212978E-004   1.008930304062E+000   2.955185417562E-004   3.098070009668E-004  -6.076162129347E-001   8.495085081745E-004  -1.226874896217E-004  -6.277380183148E-001  -2.517584260039E-003  -3.483022664810E+004   2.725632480458E+005   2.382146289233E-023   3.528779350471E-004
   7.726346060761E-005  -1.248612866185E-001   1.915750556260E-003   3.931193364818E-004   9.957434810170E-001   3.006662402551E-004   3.217212734367E-004  -5.494857945718E-001   1.092832681868E-003  -9.390730854001E-005  -6.840285791186E-001  -2.446230156068E-003  -3.573860153180E+004   2.709345007597E+005  -7.812877785033E-023   3.561708338121E-004
   7.863888788253E-005  -1.254062796911E-001   1.966543281446E-003   3.916491177700E-004   9.828454839871E-001   3.096977320393E-004   3.309164127589E-004  -4.861613432855E-001   1.329924516817E-003  -6.398629065673E-005  -7.348387866145E-001  -2.351948987849E-003  -3.618672311676E+004   2.693336057035E+005  -4.022332278355E-023   3.594415520528E-004
   8.025747485974E-005  -1.242992909608E-001   2.016166921033E-003   3.902198697703E-004   9.704229809155E-001   3.226932203353E-004   3.372133382984E-004  -4.181670810446E-001   1.558581730795E-003  -3.319489254358E-005  -7.796876707308E-001  -2.234833128919E-003  -3.618090520226E+004   2.678136938898E+005   5.280768563720E-023   3.626888289274E-004
   8.229127236721E-005  -1.216298580118E-001   2.064635007962E-003   3.890257054799E-004   9.586484197796E-001   3.400357596299E-004   3.406771332962E-004  -3.460780928887E-001   1.776473091861E-003  -1.768801654875E-006  -8.181435283765E-001  -2.094728842854E-003  -3.573781339197E+004   2.664240173863E+005  -2.689296520651E-023   3.659124148099E-004
   8.465389825191E-005  -1.174946311840E-001   2.110784737168E-003   3.880048628308E-004   9.476910711086E-001   3.614730363918E-004   3.411259720570E-004  -2.705062997610E-001   1.980665375053E-003   2.998569996390E-005  -8.498286917325E-001  -1.933596733589E-003  -3.487338043301E+004   2.652165032827E+005  -1.173009367442E-023   3.691093639399E-004
   8.741722173029E-005  -1.120139525257E-001   2.155119021803E-003   3.871763485772E-004   9.377086562053E-001   3.854403709522E-004   3.386361746894E-004  -1.920932754631E-001   2.171154018284E-003   6.174047375177E-005  -8.744322372691E-001  -1.752722038333E-003  -3.361253182731E+004   2.642417812364E+005  -3.280190231950E-023   3.722796098548E-004
   9.042111337252E-005  -1.053257699190E-001   2.196282603512E-003   3.865611072181E-004   9.288304574445E-001   4.130642489966E-004   3.331283187423E-004  -1.115194626008E-001   2.343918549617E-003   9.325551179455E-005  -8.916966369343E-001  -1.553358228859E-003  -3.198660307670E+004   2.635400299705E+005  -1.694836866618E-023   3.754203751209E-004
   9.356556591301E-005  -9.758015990498E-002   2.234582934466E-003   3.863486597647E-004   9.211812156522E-001   4.437169533355E-004   3.246113405610E-004  -2.948600220072E-002   2.497569041780E-003   1.243187887703E-004  -9.014366283579E-001  -1.337000921548E-003  -3.003080328008E+004   2.631547311221E+005   6.630450890826E-024   3.785312764270E-004
   9.698300846342E-005  -8.893937506945E-002   2.269429198435E-003   3.863105462410E-004   9.148647797552E-001   4.763716233694E-004   3.131929358089E-004   5.329642803757E-002   2.631353691825E-003   1.545175211549E-004  -9.035448960999E-001  -1.105902950943E-003  -2.778502208366E+004   2.631238634568E+005  -2.535011573583E-023   3.816157832459E-004
   1.005657958482E-004  -7.957818929904E-002   2.300932877913E-003   3.865795177643E-004   9.099579736109E-001   5.109198203491E-004   2.989334524286E-004   1.361009961506E-001   2.743412470215E-003   1.836022851492E-004  -8.979570466951E-001  -8.614549161761E-004  -2.529487747689E+004   2.634763821689E+005  -2.931300510850E-023   3.846676651504E-004
   1.042805025609E-004  -6.967423051226E-002   2.328330499163E-003   3.871978207255E-004   9.065236842564E-001   5.472957608120E-004   2.819538614452E-004   2.181998672853E-001   2.831982000374E-003   2.113469949112E-004  -8.847147015040E-001  -6.064744257514E-004  -2.260686383783E+004   2.642398320865E+005  -3.824996831076E-023   3.876922467038E-004
   1.080515867267E-004  -5.941245018421E-002   2.352094235471E-003   3.881334685067E-004   9.046008440978E-001   5.846231390331E-004   2.623515904845E-004   2.988772249363E-001   2.896481655811E-003   2.374662676212E-004  -8.638949522628E-001  -3.425172633797E-004  -1.977174557381E+004   2.654347047878E+005   2.906994985671E-023   3.906851112239E-004
   1.119504795124E-004  -4.898343103638E-002   2.371782060906E-003   3.893523470667E-004   9.042048566638E-001   6.227914353399E-004   2.403688495435E-004   3.774197676834E-001   2.935704728703E-003   2.616834351208E-004  -8.356718818275E-001  -7.216480437072E-005  -1.684450853425E+004   2.670744416208E+005  -3.388178056476E-023   3.936495221182E-004
   1.159346070115E-004  -3.856800729011E-002   2.387502502615E-003   3.909434402833E-004   9.053358191945E-001   6.607305945714E-004   2.161487272735E-004   4.531411747723E-001   2.949789257478E-003   2.838034032577E-004  -8.002765480823E-001   2.018325227227E-004  -1.387592225464E+004   2.691699958421E+005   2.107201204594E-023   3.965851573222E-004
   1.197830177081E-004  -2.835673542548E-002   2.399100853317E-003   3.927858574613E-004   9.079619938655E-001   6.984394912583E-004   1.898506154455E-004   5.253803793402E-001   2.937934140538E-003   3.036459242465E-004  -7.580048269115E-001   4.770796883247E-004  -1.092501611199E+004   2.717199791444E+005   5.321373094884E-023   3.994936779126E-004
   1.236295378359E-004  -1.852578664465E-002   2.407130995406E-003   3.949710353614E-004   9.120376635358E-001   7.350435111083E-004   1.617745169701E-004   5.935080739722E-001   2.900032122814E-003   3.209488222659E-004  -7.092134238950E-001   7.519469948193E-004  -8.045377123740E+003   2.747206050500E+005  -1.906430152667E-023   4.023746215811E-004
   1.274529487703E-004  -9.241008674265E-003   2.411360436495E-003   3.974224027386E-004   9.174955843827E-001   7.704388838418E-004   1.321308340835E-004   6.569340699862E-001   2.836197286282E-003   3.356228380828E-004  -6.543233770358E-001   1.022898575661E-003  -5.288179652768E+003   2.781608190584E+005  -3.931214606978E-023   4.052283247107E-004
   1.311421197773E-004  -6.655709374492E-004   2.411867935273E-003   4.001011143230E-004   9.242458601158E-001   8.043332793785E-004   1.011886097140E-004   7.151137752130E-001   2.747011338976E-003   3.474672015086E-004  -5.938071659754E-001   1.287674721426E-003  -2.707491834670E+003   2.820210632999E+005  -3.030181260552E-023   4.080578927147E-004
   1.345934803409E-004   7.048911668522E-003   2.409255337489E-003   4.031007887326E-004   9.321843800905E-001   8.358555210492E-004   6.918546001117E-005   7.675470870040E-001   2.632940082798E-003   3.564269734845E-004  -5.281813335556E-001   1.544265329647E-003  -3.554299771793E+002   2.862776823152E+005   2.548443496364E-023   4.108633819832E-004
   1.379535148775E-004   1.377818397703E-002   2.403398570820E-003   4.062946546265E-004   9.411909465257E-001   8.648169408897E-004   3.644273363802E-005   8.137965410865E-001   2.494985099615E-003   3.623921898553E-004  -4.580120420549E-001   1.790019941289E-003   1.727104748853E+003   2.909010533299E+005  -3.416713344333E-023   4.136460894725E-004
   1.412111903540E-004   1.939711879655E-002   2.395234813845E-003   4.095684886935E-004   9.511349428205E-001   8.909355774456E-004   3.249454159218E-006   8.534760847805E-001   2.334139166600E-003   3.652588406312E-004  -3.839016271765E-001   2.022589346058E-003   3.492738201289E+003   2.958584889603E+005   1.754793538173E-023   4.164066002850E-004
   1.442283868768E-004   2.380719971642E-002   2.384443464066E-003   4.131504609451E-004   9.618703261402E-001   9.136890231236E-004  -3.012231551948E-005   8.862667450249E-001   2.151789063338E-003   3.650856229439E-004  -3.064831298327E-001   2.240272891534E-003   4.904286231579E+003   3.011102098176E+005   3.706014406724E-023   4.191486596258E-004
   1.471294984418E-004   2.692715597531E-002   2.371946049063E-003   4.167445330709E-004   9.732366442773E-001   9.330996891515E-004  -6.334598250586E-005   9.119017896946E-001   1.949251031844E-003   3.618055693010E-004  -2.264108734264E-001   2.440786095344E-003   5.928765225322E+003   3.066091630369E+005   1.019448609098E-023   4.218703829686E-004
   1.497806209723E-004   2.869416803583E-002   2.358001688547E-003   4.204761350146E-004   9.850740333868E-001   9.488104333647E-004  -9.617923805710E-005   9.301882126335E-001   1.728784017121E-003   3.554703714652E-004  -1.443604071739E-001   2.622120960021E-003   6.538202530616E+003   3.123096128093E+005  -2.673708977510E-024   4.245766549207E-004
   1.522959645452E-004   2.906453334024E-002   2.342916768063E-003   4.242926639638E-004   9.972194850755E-001   9.607365769902E-004  -1.283119483017E-004   9.409989476012E-001   1.491562086840E-003   3.461341441588E-004  -6.102322673384E-002   2.783071955798E-003   6.710034505893E+003   3.181640439388E+005   5.141861896782E-023   4.272670736077E-004
   1.546077584081E-004   2.801335480450E-002   2.327340880981E-003   4.281952515684E-004   1.009495152626E+000   9.686987495284E-004  -1.594621086089E-004   9.442648888088E-001   1.239737393100E-003   3.339025163145E-004   2.291599688924E-002   2.921945970352E-003   6.426982471217E+003   3.241149140551E+005   2.511132681221E-023   4.299444218759E-004
   1.566637979491E-004   2.553649065079E-002   2.311651719331E-003   4.320339411721E-004   1.021738618388E+000   9.725891836231E-004  -1.893942920677E-004   9.399936703004E-001   9.757048955793E-004   3.188265667119E-004   1.067606929800E-001   3.037820746237E-003   5.678656175001E+003   3.301131628383E+005  -4.270888537802E-023   4.326095073107E-004
   1.585695476774E-004   2.165180152924E-002   2.296364611853E-003   4.358279504942E-004   1.033775716109E+000   9.725094044970E-004  -2.178335020588E-004   9.282445500713E-001   7.013715714123E-004   3.010738279278E-004   1.898338047332E-001   3.129031755111E-003   4.462577879556E+003   3.361000926050E+005  -7.584883571413E-023   4.352651587490E-004
   1.603440360170E-004   1.639285898301E-002   2.282044527139E-003   4.397459843318E-004   1.045450152625E+000   9.684610399980E-004  -2.445250459239E-004   9.091382867690E-001   4.193884227747E-004   2.808279509555E-004   2.714581132791E-001   3.195387960231E-003   2.780645393625E+003   3.420258473568E+005  -3.665596881847E-023   4.379085299788E-004
   1.619757098999E-004   9.808272266828E-003   2.268839423654E-003   4.435363891434E-004   1.056597695202E+000   9.605656299332E-004  -2.692956033038E-004   8.828769134482E-001   1.314886046081E-004   2.582416015566E-004   3.509940748085E-001   3.235537050497E-003   6.390110482211E+002   3.478320499909E+005  -8.402744678267E-023   4.405479688446E-004
   1.634088991104E-004   1.966266038649E-003   2.257462220849E-003   4.472374837867E-004   1.067069357584E+000   9.488937631283E-004  -2.919051994181E-004   8.496933664505E-001  -1.591450029432E-004   2.334830334957E-004   4.278132517775E-001   3.249481855595E-003  -1.948362055193E+003   3.534662748944E+005   9.700034840407E-024   4.431809788998E-004
   1.648178070140E-004  -7.045376401821E-003   2.248330225173E-003   4.508644555462E-004   1.076727240744E+000   9.337957626189E-004  -3.121587167684E-004   8.098855640938E-001  -4.509668924374E-004   2.067797540926E-004   5.013210026316E-001   3.237912914338E-003  -4.959037214670E+003   3.588790040469E+005  -2.184965970300E-023   4.458092947672E-004
   1.660601340416E-004  -1.712940482172E-002   2.241798108006E-003   4.543633072205E-004   1.085446754062E+000   9.153339457291E-004  -3.299568317029E-004   7.637984930780E-001  -7.407570363396E-004   1.783522077169E-004   5.709514045040E-001   3.199668405063E-003  -8.368182796068E+003   3.640247456141E+005   4.302479126011E-023   4.484336492060E-004
   1.672429814679E-004  -2.818090140084E-002   2.238182004244E-003   4.578531595473E-004   1.093105231096E+000   8.940590798121E-004  -3.451092216424E-004   7.118331042858E-001  -1.026995564762E-003   1.485136943458E-004   6.361850933692E-001   3.135424693085E-003  -1.214933051823E+004   3.688540005636E+005   3.535403110479E-023   4.510574992014E-004
   1.684086663271E-004  -4.007170043393E-002   2.237812809356E-003   4.610245452449E-004   1.099606815249E+000   8.700030887155E-004  -3.574954045297E-004   6.544152566361E-001  -1.306566395713E-003   1.173606230683E-004   6.965406939359E-001   3.045604559640E-003  -1.626298081265E+004   3.733298082954E+005   6.068867127772E-023   4.536809209985E-004
   1.695143367108E-004  -5.267864150746E-002   2.241151450997E-003   4.641861701421E-004   1.104849945180E+000   8.435151712091E-004  -3.670278087264E-004   5.920254210885E-001  -1.577661123743E-003   8.522186222930E-005   7.515810238314E-001   2.931672618970E-003  -2.067519201852E+004   3.774055953006E+005   8.035510376879E-023   4.563073858306E-004
   1.707055608729E-004  -6.585643424571E-002   2.248270169336E-003   4.671939335010E-004   1.108777597729E+000   8.153015278096E-004  -3.736851460432E-004   5.251562468192E-001  -1.838142870751E-003   5.244290706683E-005   8.009088435966E-001   2.793622385850E-003  -2.533831025398E+004   3.810591892861E+005   4.644470348810E-023   4.589341428309E-004
   1.717885168797E-004  -7.946720211641E-002   2.259354933796E-003   4.700851647096E-004   1.111322480743E+000   7.854503697829E-004  -3.774022512367E-004   4.543529926295E-001  -2.086036459989E-003   1.920658496337E-005   8.441886315246E-001   2.632321148514E-003  -3.021060293778E+004   3.842556538413E+005  -3.678821855403E-023   4.615668559496E-004
   1.730158156623E-004  -9.335924157876E-002   2.274722898500E-003   4.728134432987E-004   1.112450985119E+000   7.546504898633E-004  -3.781094334812E-004   3.801573042863E-001  -2.319345248439E-003  -1.421082140988E-005   8.811211848801E-001   2.449814054624E-003  -3.524092781208E+004   3.869772920608E+005  -1.622330179231E-023   4.642018152185E-004
